        I#1 I#2 I#3 I#4 I#5 I#6 I#7 I#8 I#9 I#10 I#11 I#12 I#13 
RO #1   257 285 284 305 203 201 259 283 230 187 288 302 311 
RO #2   221 294 218 297 264 281 226 271 257 294 294 304 349 
RO #3   325 272 228 245 256 251 226 260 236 248 226 286 294 
RO #4   233 257 303 259 249 274 285 201 276 252 252 271 294 
RO #5   312 274 326 254 240 287 306 234 269 236 266 288 239 
RO #6   292 226 290 348 299 226 307 313 288 261 253 276 262 
RO #7   273 307 275 237 243 307 316 241 302 273 325 321 251 
RO #8   294 263 263 221 194 311 232 270 303 253 258 225 295 
RO #9   277 265 306 279 361 210 294 269 269 243 285 251 309 
RO #10  279 288 299 253 323 287 277 256 301 275 255 267 236 
RO #11  277 268 262 275 306 314 212 240 247 302 300 302 269 
RO #12  298 271 294 268 273 229 338 316 247 231 263 301 278 
RO #13  275 286 307 302 222 243 279 308 201 267 237 237 288 
RO #14  312 285 328 238 285 325 304 264 221 305 321 268 259 
RO #15  307 329 320 257 283 281 299 269 275 230 304 289 292 
RO #16  302 244 295 257 221 309 253 257 310 259 258 239 251 
RO #17  333 278 296 316 294 263 316 291 346 253 264 274 263 
RO #18  325 289 240 250 274 266 324 306 323 289 252 289 270 
RO #19  275 263 254 261 266 267 228 280 337 247 315 271 309 
RO #20  229 289 253 276 249 262 259 249 257 304 255 256 265 
RO #21  299 294 329 272 236 297 244 316 281 305 287 261 257 
RO #22  264 269 254 261 242 319 302 293 267 279 257 289 309 
RO #23  299 317 285 320 307 225 246 321 220 290 288 277 280 
RO #24  236 289 280 270 291 303 236 283 242 223 233 234 233 
RO #25  228 234 216 281 316 280 281 252 281 265 241 245 252 
RO #26  265 297 252 284 246 359 278 321 220 241 286 315 255 
RO #27  335 273 264 277 248 286 285 257 256 286 243 258 238 
RO #28  255 257 295 254 295 260 282 267 249 252 219 270 317 
RO #29  208 274 326 290 249 278 298 273 231 234 329 239 319 
RO #30  230 335 270 295 243 302 304 304 273 220 256 249 213 
RO #31  328 265 251 308 268 223 263 275 278 277 238 299 305 
RO #32  276 313 261 225 276 278 268 263 294 257 332 270 253 
RO #33  343 268 258 225 287 279 233 280 315 275 290 320 290 
